0 0.612884 0.579821 0.230069 0.836562 0.927477
17 0.444550 0.485053 0.121445 0.501771 0.883369
0 0.910793 0.325049 0.058320 0.249989 0.843486
0 0.981584 0.326702 0.035915 0.251027 0.686335
29 0.963385 0.774339 0.072499 0.219922 0.681553
0 0.186959 0.574498 0.368655 0.849037 0.612046
0 0.811138 0.334203 0.043901 0.205664 0.502606
0 0.741288 0.332108 0.041253 0.203399 0.416197
0 0.940307 0.892555 0.118099 0.213267 0.399297
0 0.435110 0.808653 0.140204 0.382105 0.330516
0 0.040316 0.480295 0.079119 0.333144 0.304282
0 0.313571 0.376253 0.048738 0.253031 0.300499
0 0.260523 0.565815 0.492156 0.867989 0.295098
0 0.361924 0.344734 0.055837 0.151803 0.270831
67 0.372918 0.593121 0.040869 0.118747 0.264531
0 0.360956 0.388709 0.060097 0.243120 0.256912
