0 0.113287 0.361727 0.064816 0.288527 0.616810
0 0.167278 0.283099 0.061182 0.128650 0.609024
0 0.074130 0.265954 0.054824 0.126017 0.593583
0 0.439303 0.249497 0.074579 0.169655 0.523703
0 0.112055 0.283590 0.061358 0.132266 0.438219
0 0.262927 0.241683 0.040466 0.076748 0.381566
0 0.039330 0.368019 0.054680 0.270370 0.354945
0 0.726488 0.392846 0.066595 0.380857 0.301044
0 0.727049 0.305294 0.064969 0.204264 0.284246
0 0.340025 0.281677 0.076530 0.164975 0.282977
0 0.051876 0.370984 0.081258 0.273600 0.280437
0 0.165963 0.340738 0.059153 0.242209 0.268720
0 0.728260 0.277650 0.061784 0.149390 0.260141
