0 0.844639 0.841210 0.061324 0.315849 0.756665
0 0.914061 0.796032 0.048864 0.266826 0.750599
0 0.402058 0.954012 0.066355 0.090977 0.646582
0 0.467116 0.945347 0.061947 0.108365 0.610572
0 0.695883 0.848470 0.077188 0.300596 0.582654
0 0.610995 0.905462 0.074586 0.188035 0.575791
0 0.548181 0.921531 0.069954 0.155861 0.495310
0 0.189594 0.348590 0.030308 0.103051 0.478255
0 0.238956 0.348632 0.028424 0.112300 0.422774
0 0.661694 0.910409 0.065161 0.177457 0.337558
0 0.707979 0.846876 0.055365 0.303526 0.317553
0 0.308019 0.350261 0.022380 0.102557 0.261267
0 0.136325 0.370834 0.026660 0.090365 0.260594
