0 0.310154 0.527231 0.031663 0.159077 0.703227
0 0.930417 0.602415 0.041700 0.268229 0.694861
0 0.702010 0.716259 0.057272 0.239075 0.606464
2 0.080125 0.160880 0.070892 0.053988 0.586699
2 0.149754 0.155799 0.072749 0.050134 0.569751
0 0.761038 0.919377 0.076431 0.160382 0.568690
0 0.900632 0.572251 0.038962 0.208597 0.488577
2 0.027301 0.173485 0.054287 0.038606 0.463354
0 0.715225 0.906681 0.049563 0.185725 0.442666
0 0.829858 0.721020 0.073852 0.332167 0.400209
0 0.749609 0.723574 0.041013 0.229206 0.394289
0 0.036959 0.415377 0.023053 0.117982 0.367321
2 0.223406 0.151325 0.071318 0.040386 0.355177
17 0.867727 0.384687 0.031704 0.118184 0.305205
0 0.672937 0.757100 0.039260 0.249257 0.281103
0 0.124032 0.367751 0.020657 0.098006 0.271902
