0 0.153117 0.539455 0.304730 0.810302 0.923790
0 0.557157 0.588997 0.218867 0.716969 0.891377
0 0.414199 0.603688 0.314168 0.681846 0.884190
0 0.271273 0.384453 0.093308 0.375968 0.760310
0 0.416143 0.273911 0.078578 0.179404 0.754544
0 0.236772 0.620749 0.261386 0.638487 0.652554
68 0.893824 0.285220 0.145860 0.196972 0.616068
0 0.938497 0.698861 0.113461 0.502723 0.487090
0 0.140604 0.280710 0.048679 0.112189 0.370068
39 0.786127 0.467169 0.021684 0.129279 0.349238
0 0.436094 0.432903 0.055531 0.183201 0.293204
