0 0.671485 0.509587 0.507180 0.966851 0.891312
41 0.178784 0.561350 0.079349 0.176345 0.871958
41 0.049999 0.472683 0.093784 0.106161 0.835193
0 0.190399 0.273013 0.297795 0.529088 0.825784
41 0.506250 0.554753 0.067873 0.150050 0.778433
60 0.326616 0.727925 0.644482 0.525867 0.765673
41 0.513137 0.433438 0.049653 0.097577 0.628383
44 0.427676 0.501652 0.070409 0.063267 0.537015
45 0.397510 0.550302 0.096501 0.096596 0.535684
0 0.453738 0.318413 0.217031 0.372490 0.520936
56 0.337928 0.433992 0.043914 0.129716 0.456447
45 0.412788 0.673175 0.144132 0.147174 0.374437
0 0.205776 0.802158 0.405228 0.373235 0.354002
0 0.930973 0.594616 0.136742 0.798175 0.335670
44 0.478135 0.620730 0.077885 0.113984 0.286778
44 0.494422 0.599188 0.045005 0.069476 0.266233
