0 0.231087 0.707194 0.156290 0.509082 0.865527
0 0.623171 0.714025 0.104109 0.523377 0.838760
3 0.869587 0.854896 0.259303 0.289008 0.697885
2 0.374732 0.627818 0.146924 0.243055 0.672247
3 0.772430 0.741582 0.243027 0.309781 0.654767
3 0.183022 0.861722 0.203501 0.275054 0.585436
24 0.197239 0.641910 0.076194 0.189983 0.576133
0 0.967531 0.544288 0.056788 0.275529 0.535060
0 0.697772 0.546493 0.037083 0.078615 0.374630
3 0.720161 0.775689 0.138169 0.240843 0.328255
3 0.513778 0.646418 0.070982 0.080717 0.323423
3 0.024516 0.679902 0.048886 0.107898 0.310170
3 0.193678 0.821604 0.232249 0.356318 0.281584
0 0.562175 0.633459 0.033938 0.206848 0.257366
0 0.054859 0.635495 0.053694 0.193012 0.255068
