0 0.307083 0.539168 0.538277 0.916999 0.917409
0 0.745985 0.503044 0.504846 0.989993 0.860574
0 0.080892 0.156790 0.112887 0.242426 0.607508
0 0.638751 0.314555 0.124057 0.629109 0.425674
0 0.545547 0.201167 0.192945 0.396942 0.403603
60 0.519510 0.450581 0.192669 0.153858 0.370737
0 0.188438 0.149386 0.093409 0.215482 0.365606
0 0.541054 0.370233 0.210857 0.731641 0.356949
0 0.084669 0.462509 0.159587 0.383633 0.355455
0 0.618663 0.351411 0.166695 0.696531 0.284787
0 0.411175 0.081514 0.066050 0.158259 0.266179
