0 0.370379 0.380435 0.282877 0.661305 0.942918
45 0.399748 0.817633 0.274110 0.252181 0.832898
45 0.760421 0.847972 0.216487 0.300326 0.779870
60 0.624694 0.752748 0.749711 0.490272 0.763189
56 0.044613 0.645391 0.088497 0.318531 0.619872
45 0.895289 0.512919 0.056995 0.079542 0.583987
47 0.810768 0.859497 0.068911 0.091550 0.532740
47 0.784628 0.776614 0.074753 0.107100 0.526243
47 0.769421 0.802232 0.177649 0.204722 0.519817
45 0.567851 0.467071 0.044495 0.038730 0.490081
58 0.739254 0.288025 0.043866 0.106326 0.476240
47 0.723986 0.832605 0.077158 0.106078 0.441961
49 0.834898 0.798750 0.042885 0.101092 0.432705
58 0.564674 0.149725 0.092239 0.197491 0.385323
