0 0.316476 0.606828 0.168556 0.463628 0.861070
3 0.057975 0.695947 0.115763 0.230756 0.757254
0 0.577253 0.602200 0.053393 0.279196 0.710477
0 0.741627 0.588011 0.064537 0.363409 0.685869
0 0.073937 0.602558 0.074916 0.274099 0.646591
3 0.313347 0.793197 0.177964 0.407502 0.607370
3 0.947899 0.760777 0.103233 0.314413 0.603517
2 0.446910 0.538149 0.066183 0.101915 0.603209
0 0.542797 0.555848 0.028428 0.154185 0.573189
1 0.636597 0.638251 0.086254 0.231864 0.470173
3 0.296880 0.829680 0.140766 0.328684 0.331351
0 0.209676 0.518349 0.031235 0.044083 0.319892
