0 0.310892 0.534668 0.502226 0.924439 0.939576
0 0.735516 0.547905 0.524808 0.898643 0.921617
0 0.085118 0.180939 0.098217 0.238317 0.662958
0 0.559790 0.346790 0.275441 0.682923 0.615723
0 0.017802 0.195164 0.035404 0.184603 0.478330
0 0.132091 0.181582 0.063513 0.216963 0.432653
0 0.194006 0.157439 0.080202 0.193627 0.408002
60 0.172502 0.406976 0.072359 0.114182 0.299610
0 0.073902 0.472452 0.135256 0.369018 0.275980
60 0.517028 0.474122 0.213493 0.149583 0.260984
0 0.425178 0.116118 0.070117 0.222749 0.254670
