0 0.636931 0.514634 0.310291 0.967463 0.948060
0 0.098984 0.556396 0.196505 0.842423 0.924304
0 0.355419 0.578648 0.217838 0.841281 0.914987
0 0.860411 0.726696 0.277398 0.545071 0.868698
0 0.183271 0.116783 0.026017 0.100814 0.786813
7 0.070979 0.130815 0.141957 0.161336 0.783012
0 0.479162 0.102544 0.031996 0.154516 0.698030
2 0.266851 0.081354 0.042313 0.049924 0.653627
0 0.220238 0.110133 0.021804 0.094910 0.645710
2 0.361258 0.084288 0.037650 0.050519 0.638743
55 0.103191 0.981072 0.205207 0.037048 0.390311
