0 0.632654 0.499454 0.310018 0.998326 0.942930
0 0.369327 0.570003 0.227499 0.858372 0.921315
0 0.100903 0.531455 0.200464 0.848094 0.898459
0 0.861025 0.716056 0.274641 0.565946 0.884104
7 0.068038 0.114054 0.135782 0.164415 0.767015
0 0.159529 0.101138 0.024840 0.093650 0.718971
0 0.469941 0.084199 0.033264 0.141082 0.706442
2 0.256571 0.064809 0.045461 0.049696 0.691854
0 0.191995 0.095990 0.019818 0.091544 0.669943
2 0.353834 0.061820 0.040718 0.060123 0.546129
0 0.181958 0.948352 0.363915 0.102372 0.299865
