0 0.103942 0.600307 0.034543 0.171901 0.775458
0 0.824915 0.859156 0.062733 0.280361 0.722847
0 0.795285 0.830789 0.061008 0.313111 0.710140
0 0.232646 0.460666 0.028951 0.118205 0.544062
0 0.989501 0.465751 0.020418 0.165458 0.483968
0 0.054211 0.417275 0.030886 0.150964 0.452655
2 0.403442 0.121600 0.056291 0.036235 0.429619
2 0.234898 0.131017 0.063944 0.041566 0.396306
0 0.905042 0.556539 0.045812 0.222279 0.395058
25 0.028116 0.146227 0.056196 0.036781 0.382422
0 0.134143 0.376231 0.024560 0.118386 0.360836
0 0.173124 0.313376 0.020548 0.084547 0.333082
25 0.108992 0.146428 0.108735 0.048775 0.320166
2 0.161719 0.143145 0.039325 0.029954 0.312823
0 0.118416 0.384030 0.022304 0.121946 0.252977
