0 0.598780 0.567964 0.235482 0.861084 0.928238
0 0.891096 0.288741 0.059969 0.247017 0.801770
17 0.439258 0.424195 0.206011 0.475350 0.656621
0 0.213296 0.609010 0.268804 0.779791 0.579158
0 0.793861 0.292601 0.044197 0.201177 0.551317
0 0.965004 0.300952 0.048022 0.238364 0.484641
0 0.281100 0.612224 0.399741 0.775328 0.403882
0 0.103259 0.641680 0.205692 0.463872 0.346577
0 0.047422 0.198369 0.055362 0.099755 0.307802
0 0.077195 0.826187 0.154025 0.345774 0.301191
67 0.529177 0.273274 0.024422 0.073695 0.289932
67 0.152624 0.186791 0.038766 0.051656 0.273546
0 0.392202 0.767446 0.178727 0.463805 0.264307
0 0.716309 0.269314 0.057091 0.208949 0.254328
