0 0.266324 0.318719 0.177387 0.372788 0.685639
0 0.452822 0.488530 0.158107 0.278302 0.604277
0 0.629773 0.404309 0.172460 0.534273 0.524537
0 0.793231 0.628890 0.412688 0.729412 0.445431
0 0.633689 0.331787 0.166228 0.387482 0.407645
60 0.459480 0.716384 0.784952 0.310674 0.397335
41 0.449728 0.787221 0.071378 0.157892 0.339491
0 0.155926 0.639119 0.311065 0.639338 0.319831
0 0.184661 0.455052 0.199610 0.286863 0.288520
27 0.054618 0.280237 0.041488 0.156492 0.275086
0 0.059162 0.378101 0.117459 0.489481 0.260223
0 0.243755 0.512787 0.315434 0.404589 0.257104
