0 0.868070 0.899181 0.104556 0.200775 0.832040
0 0.542336 0.912803 0.089865 0.172953 0.818778
0 0.805295 0.893934 0.060125 0.211218 0.718881
0 0.468936 0.924049 0.061344 0.150808 0.695195
0 0.972537 0.894078 0.054026 0.210807 0.645190
0 0.818977 0.319245 0.022073 0.094136 0.531802
0 0.755232 0.320561 0.024935 0.097451 0.385094
0 0.956656 0.868041 0.072841 0.262684 0.372783
0 0.795411 0.321992 0.027763 0.097777 0.348205
26 0.476608 0.956043 0.035582 0.087110 0.331254
0 0.842356 0.319688 0.022595 0.093803 0.326428
