0 0.819563 0.829640 0.054430 0.314459 0.627712
0 0.983720 0.785711 0.031757 0.270803 0.603697
0 0.918327 0.771613 0.049779 0.243506 0.583108
0 0.453756 0.933872 0.068819 0.131298 0.561148
0 0.643104 0.905829 0.073782 0.187407 0.528559
0 0.564855 0.435221 0.028201 0.133246 0.521262
0 0.738053 0.836404 0.058063 0.294605 0.455818
0 0.559205 0.948214 0.042793 0.102411 0.409368
0 0.146969 0.363128 0.030168 0.121123 0.386953
0 0.520768 0.926425 0.053409 0.146149 0.383227
0 0.182660 0.381543 0.027010 0.100990 0.382409
0 0.043069 0.356438 0.022675 0.086227 0.290646
0 0.677765 0.893096 0.062515 0.212903 0.281785
0 0.596314 0.892850 0.040298 0.213138 0.270669
0 0.092204 0.344899 0.023334 0.097908 0.261674
