3 0.942212 0.605233 0.114651 0.166571 0.761400
3 0.714737 0.654434 0.072900 0.187291 0.759975
3 0.219526 0.692637 0.099199 0.196504 0.757975
0 0.501535 0.584946 0.058203 0.179276 0.641438
3 0.498252 0.664978 0.055173 0.130615 0.615010
0 0.633785 0.582969 0.045892 0.150510 0.572933
0 0.228393 0.628007 0.065616 0.236516 0.541536
0 0.666819 0.618224 0.038438 0.233715 0.502003
3 0.842704 0.585819 0.141474 0.141035 0.493773
3 0.631427 0.633481 0.040331 0.098951 0.429525
3 0.017276 0.672810 0.034415 0.238696 0.326346
3 0.533747 0.626568 0.033252 0.096766 0.305732
3 0.833442 0.598255 0.118650 0.117152 0.282705
3 0.509803 0.657799 0.080230 0.143101 0.259495
0 0.666440 0.568951 0.035233 0.128550 0.258128
3 0.048661 0.630865 0.070815 0.123295 0.253218
