0 0.866778 0.608556 0.189393 0.778672 0.894450
3 0.429079 0.730161 0.083143 0.223837 0.734288
0 0.305660 0.609233 0.037443 0.174409 0.663787
0 0.431523 0.606111 0.091025 0.275561 0.649801
3 0.566149 0.634347 0.132789 0.114154 0.529605
0 0.257252 0.583641 0.027848 0.130223 0.496508
0 0.024047 0.707388 0.047727 0.324990 0.418607
0 0.539769 0.604148 0.038454 0.113317 0.363112
62 0.147281 0.452367 0.052165 0.059852 0.348872
1 0.765234 0.579656 0.040211 0.085771 0.316551
0 0.544825 0.611090 0.048161 0.128251 0.305873
3 0.964808 0.604179 0.069522 0.143420 0.294613
1 0.940208 0.875733 0.118933 0.241552 0.277323
0 0.173347 0.596377 0.026809 0.093304 0.275469
