0 0.479342 0.378297 0.393805 0.682259 0.943617
56 0.041605 0.648480 0.082556 0.317174 0.745610
45 0.398485 0.820098 0.270077 0.255375 0.692930
47 0.807562 0.863163 0.067383 0.088863 0.611475
47 0.783242 0.781228 0.069895 0.103383 0.600589
45 0.758711 0.855381 0.213081 0.287320 0.589578
45 0.888359 0.516579 0.056358 0.070944 0.588513
47 0.767069 0.808213 0.172166 0.196163 0.495597
60 0.620541 0.754476 0.755658 0.486742 0.448827
47 0.722633 0.836982 0.073331 0.103602 0.447587
49 0.831030 0.800269 0.042011 0.097414 0.358771
47 0.743086 0.731622 0.045758 0.051874 0.280922
58 0.195921 0.640422 0.070931 0.138938 0.280876
58 0.734413 0.296728 0.039134 0.107577 0.260926
47 0.831360 0.801086 0.042415 0.097280 0.257560
39 0.682103 0.591226 0.049979 0.248547 0.250887
