2 0.542374 0.557918 0.101340 0.127902 0.699205
3 0.434480 0.737440 0.097953 0.238024 0.668190
0 0.305508 0.615090 0.047159 0.174234 0.640879
3 0.507925 0.658023 0.055679 0.128568 0.579367
3 0.947555 0.603955 0.103950 0.181324 0.557806
0 0.441545 0.627929 0.097098 0.268151 0.557164
0 0.825080 0.530011 0.053299 0.214953 0.555115
0 0.267775 0.586793 0.027790 0.132632 0.548229
3 0.850336 0.573092 0.147123 0.142368 0.526857
0 0.362940 0.606976 0.030146 0.120108 0.493025
3 0.735666 0.585548 0.068670 0.161588 0.487125
0 0.227042 0.591436 0.030893 0.138535 0.452818
0 0.133320 0.617485 0.030266 0.100867 0.368508
0 0.076922 0.623177 0.038702 0.167749 0.342304
