0 0.127152 0.679341 0.209065 0.636589 0.793799
0 0.650682 0.566852 0.056545 0.277586 0.768824
3 0.904769 0.669972 0.189380 0.243056 0.689108
0 0.297163 0.644642 0.090973 0.256930 0.578683
2 0.387430 0.558231 0.084249 0.116221 0.533386
3 0.881642 0.608903 0.235229 0.309440 0.529692
3 0.281341 0.726002 0.118021 0.225731 0.445951
3 0.133207 0.863521 0.265029 0.271311 0.409198
0 0.460667 0.555383 0.027015 0.111723 0.308987
1 0.591685 0.617503 0.080418 0.178741 0.278811
0 0.238174 0.567256 0.037665 0.099114 0.268347
