0 0.733101 0.876931 0.075501 0.244839 0.832907
0 0.789769 0.865065 0.066056 0.268415 0.710208
0 0.220803 0.570626 0.036100 0.157048 0.658761
0 0.763795 0.638364 0.047862 0.215722 0.468836
0 0.966534 0.520490 0.036507 0.204862 0.464985
2 0.280203 0.141344 0.057934 0.038342 0.460280
16 0.221407 0.570836 0.036885 0.156467 0.457917
2 0.211976 0.145156 0.058928 0.046316 0.444631
0 0.838895 0.673380 0.055731 0.291293 0.346229
0 0.254435 0.434984 0.026775 0.121071 0.341218
0 0.164613 0.378724 0.024837 0.099651 0.333913
0 0.072293 0.364422 0.022007 0.100699 0.321323
2 0.152009 0.157244 0.063610 0.036587 0.290977
0 0.839332 0.631217 0.053135 0.206610 0.273035
2 0.035788 0.159570 0.067578 0.041059 0.259584
