0 0.790764 0.323269 0.106171 0.373737 0.836400
0 0.304239 0.354575 0.077674 0.285289 0.779269
0 0.590643 0.639047 0.385024 0.526545 0.753696
0 0.430308 0.505863 0.119359 0.187829 0.676709
0 0.088855 0.392307 0.059018 0.184439 0.585446
0 0.919398 0.544907 0.159926 0.420584 0.471244
0 0.581783 0.406463 0.025885 0.105487 0.438829
0 0.193630 0.548735 0.126092 0.303432 0.426441
0 0.064250 0.548791 0.128210 0.276458 0.341565
0 0.427464 0.412332 0.070657 0.114787 0.331919
0 0.695001 0.615831 0.172712 0.481577 0.258604
