0 0.403196 0.543971 0.094283 0.274896 0.778835
3 0.769926 0.737478 0.157193 0.416203 0.747455
0 0.091731 0.583300 0.046994 0.206323 0.728640
3 0.398628 0.657942 0.077690 0.198290 0.657453
0 0.229525 0.552654 0.056880 0.154907 0.637604
0 0.597169 0.546049 0.028473 0.176597 0.616564
3 0.463648 0.602916 0.051151 0.131510 0.588880
3 0.223847 0.602168 0.067282 0.141675 0.560755
0 0.629032 0.535309 0.064993 0.198950 0.491124
0 0.933507 0.485366 0.049900 0.100255 0.480348
0 0.008471 0.578297 0.016790 0.201582 0.464637
3 0.920977 0.724868 0.157107 0.339512 0.462111
2 0.509306 0.512955 0.057119 0.095284 0.442131
0 0.465085 0.546099 0.051977 0.179879 0.424754
3 0.634241 0.583745 0.056690 0.120086 0.397353
0 0.046042 0.517348 0.042519 0.110493 0.391428
3 0.955742 0.730637 0.087685 0.320912 0.387671
0 0.555657 0.527015 0.036992 0.144866 0.387123
0 0.796897 0.503633 0.056270 0.239967 0.312173
3 0.042639 0.624037 0.068078 0.126981 0.304971
0 0.630683 0.528974 0.050912 0.177190 0.302361
3 0.139934 0.576627 0.051210 0.070493 0.293172
3 0.890434 0.699907 0.105872 0.269701 0.267766
1 0.633990 0.584887 0.054730 0.117648 0.266269
1 0.575536 0.564703 0.028307 0.078165 0.257473
