0 0.587441 0.933558 0.073093 0.131889 0.877020
5 0.086942 0.204146 0.173129 0.103596 0.636845
0 0.060460 0.477521 0.025276 0.132447 0.632272
0 0.981277 0.799516 0.036581 0.374579 0.625122
0 0.214058 0.394083 0.025196 0.097760 0.437519
0 0.145943 0.527571 0.046388 0.111696 0.429226
0 0.239901 0.513081 0.046768 0.139071 0.415202
0 0.116389 0.461738 0.034361 0.146519 0.374767
0 0.446627 0.560325 0.043690 0.146719 0.373386
0 0.978135 0.417990 0.025810 0.097967 0.334824
16 0.146398 0.529301 0.046830 0.108186 0.322344
0 0.517522 0.301245 0.017376 0.069302 0.315272
