0 0.453128 0.498194 0.197958 0.293487 0.608553
39 0.512015 0.704043 0.081981 0.325957 0.573575
0 0.278303 0.418118 0.214447 0.571285 0.568434
0 0.779965 0.598903 0.436422 0.744810 0.377549
0 0.782388 0.293478 0.111721 0.323996 0.341956
39 0.318082 0.606275 0.056390 0.158620 0.319138
0 0.473506 0.423428 0.771927 0.563908 0.311070
0 0.629406 0.286216 0.167897 0.292869 0.304927
0 0.689680 0.465972 0.337010 0.301001 0.301555
0 0.622976 0.373616 0.184518 0.468310 0.290019
0 0.053217 0.484569 0.105727 0.702915 0.283606
0 0.214454 0.549399 0.361803 0.557864 0.276066
