0 0.168632 0.681824 0.200732 0.613685 0.871653
56 0.570971 0.718920 0.099215 0.257829 0.834667
0 0.355916 0.561865 0.077637 0.449396 0.742429
56 0.761646 0.635291 0.091075 0.217139 0.696302
56 0.454141 0.698074 0.095397 0.218433 0.537674
56 0.880245 0.907976 0.153054 0.183108 0.512042
56 0.868118 0.574227 0.072968 0.195577 0.502909
56 0.911971 0.559081 0.044818 0.173874 0.477838
0 0.214510 0.431150 0.072851 0.294933 0.375962
60 0.920588 0.747696 0.155643 0.227186 0.347289
56 0.637142 0.652404 0.077338 0.227383 0.344332
60 0.947054 0.422728 0.090859 0.069772 0.288250
0 0.692475 0.516056 0.072681 0.252271 0.279438
60 0.920975 0.815937 0.156319 0.366302 0.274895
56 0.915017 0.907655 0.082080 0.183531 0.258297
7 0.061416 0.249428 0.121918 0.213448 0.255076
