3 0.662743 0.654370 0.082868 0.220778 0.719687
0 0.452968 0.576421 0.061564 0.160784 0.676239
3 0.452821 0.640798 0.054117 0.113991 0.665291
3 0.790935 0.559138 0.148122 0.163534 0.637865
0 0.601516 0.615969 0.047652 0.280561 0.608518
0 0.562652 0.576983 0.049305 0.158598 0.566782
1 0.054123 0.639411 0.107537 0.103110 0.524127
3 0.336758 0.626847 0.050827 0.105195 0.484365
3 0.980986 0.586547 0.037262 0.164851 0.454046
3 0.908098 0.572866 0.130705 0.191325 0.442128
3 0.562950 0.632131 0.047189 0.107210 0.358257
