0 0.523933 0.667028 0.179041 0.663091 0.870030
0 0.694123 0.554582 0.179077 0.890836 0.798728
0 0.232680 0.569202 0.234266 0.859967 0.751168
0 0.877156 0.544586 0.244062 0.906855 0.673960
25 0.084134 0.278848 0.166012 0.449850 0.468830
26 0.408675 0.710509 0.109157 0.509837 0.384004
0 0.152514 0.358171 0.168222 0.622723 0.375837
0 0.918363 0.585539 0.162439 0.818986 0.341994
0 0.154525 0.526003 0.176733 0.940226 0.284337
0 0.877597 0.366299 0.242987 0.549099 0.283773
25 0.904192 0.156116 0.190496 0.230665 0.278191
