0 0.517773 0.409725 0.162781 0.818920 0.914298
0 0.810446 0.583467 0.184634 0.828922 0.886833
29 0.871999 0.663286 0.105876 0.310058 0.865200
0 0.135972 0.456495 0.175079 0.909384 0.846390
0 0.674031 0.609214 0.161541 0.780526 0.778272
0 0.068142 0.386059 0.134977 0.769587 0.699829
0 0.258906 0.386529 0.113276 0.766649 0.672315
0 0.621694 0.594964 0.096624 0.668434 0.547122
67 0.113564 0.040811 0.024429 0.070722 0.480591
24 0.036712 0.162183 0.073342 0.286519 0.360857
0 0.357568 0.222028 0.048260 0.190186 0.250359
