0 0.670835 0.682631 0.078914 0.508249 0.806295
3 0.777264 0.771875 0.134885 0.380236 0.790358
1 0.522007 0.672981 0.116003 0.119749 0.770782
0 0.518730 0.612395 0.054373 0.202833 0.744631
0 0.381110 0.619257 0.021258 0.093920 0.593153
3 0.904678 0.874431 0.189381 0.246675 0.543553
3 0.914850 0.600729 0.168891 0.206218 0.418837
0 0.266756 0.616619 0.030699 0.127357 0.415342
3 0.011077 0.710707 0.021997 0.108943 0.400117
0 0.775067 0.557751 0.043869 0.095051 0.397660
0 0.062919 0.636831 0.049256 0.165868 0.369567
1 0.332887 0.680471 0.040530 0.090174 0.276904
