0 0.546395 0.898234 0.068344 0.202264 0.800240
0 0.856245 0.793399 0.071085 0.343554 0.782544
0 0.745203 0.847006 0.085150 0.305481 0.728819
0 0.803598 0.753213 0.053746 0.259461 0.666429
0 0.545234 0.464490 0.029518 0.131498 0.579959
0 0.334496 0.353840 0.024986 0.104805 0.522738
0 0.980741 0.718441 0.037621 0.222609 0.476869
0 0.030773 0.338115 0.032275 0.136691 0.461897
0 0.512342 0.921897 0.038706 0.154847 0.432547
0 0.612816 0.892542 0.047177 0.213242 0.348785
0 0.660082 0.860175 0.064677 0.279649 0.287808
0 0.626776 0.894009 0.074110 0.211192 0.255648
