0 0.701513 0.509605 0.592738 0.969819 0.885253
0 0.635140 0.329058 0.183181 0.645271 0.640640
0 0.293435 0.540001 0.433091 0.909298 0.535083
0 0.111569 0.242456 0.129764 0.342021 0.493040
0 0.381332 0.085586 0.096423 0.165898 0.460974
0 0.503713 0.205179 0.137704 0.403715 0.375075
0 0.024726 0.278102 0.048984 0.332626 0.329272
0 0.206336 0.115143 0.036687 0.090091 0.321922
0 0.111207 0.189460 0.128758 0.235533 0.309659
0 0.076987 0.486097 0.149032 0.394415 0.295083
60 0.524470 0.524967 0.227452 0.255503 0.260291
