0 0.901886 0.905173 0.079210 0.188873 0.836983
0 0.817860 0.902085 0.055919 0.194975 0.776898
0 0.458934 0.969306 0.050364 0.060521 0.722524
0 0.971514 0.895665 0.056075 0.207404 0.678859
0 0.141102 0.347089 0.023776 0.092386 0.454844
0 0.542692 0.920640 0.109276 0.157447 0.439000
0 0.562345 0.921446 0.069620 0.156301 0.424949
0 0.215044 0.347855 0.019492 0.083614 0.396152
0 0.008269 0.349549 0.016539 0.077282 0.372814
0 0.169015 0.343837 0.022878 0.100900 0.355295
0 0.084961 0.347716 0.023330 0.100518 0.349960
