0 0.114518 0.362587 0.066994 0.292103 0.821678
0 0.166882 0.340250 0.060516 0.240120 0.640912
0 0.909619 0.261694 0.056839 0.111194 0.620940
0 0.350304 0.231633 0.059536 0.097782 0.613474
0 0.962183 0.398374 0.074277 0.345048 0.608895
0 0.262251 0.244919 0.039081 0.074253 0.567414
0 0.073533 0.266835 0.056298 0.126893 0.564650
0 0.458595 0.225832 0.068211 0.112076 0.515485
0 0.333764 0.233189 0.037456 0.092985 0.482279
0 0.047002 0.364423 0.058355 0.285129 0.331203
0 0.647684 0.308461 0.071693 0.165167 0.303221
