0 0.313536 0.575104 0.260756 0.848188 0.910893
0 0.703827 0.544964 0.566075 0.907758 0.905723
0 0.035535 0.834389 0.070221 0.329559 0.533773
0 0.094829 0.834300 0.188810 0.330190 0.518509
67 0.644634 0.450535 0.102466 0.121815 0.466167
0 0.548461 0.685613 0.256934 0.627691 0.342566
0 0.984974 0.837330 0.029147 0.322461 0.334413
17 0.316803 0.658811 0.527175 0.657979 0.315512
5 0.963581 0.464985 0.071869 0.389136 0.302468
0 0.040185 0.599281 0.063512 0.372828 0.291111
0 0.988568 0.461539 0.022139 0.075621 0.257893
