0 0.696473 0.875079 0.068441 0.248762 0.765550
0 0.904800 0.866702 0.063919 0.266308 0.678422
0 0.934314 0.857252 0.045282 0.284593 0.573193
0 0.598149 0.942949 0.067105 0.113055 0.563035
0 0.169461 0.356197 0.023007 0.117613 0.473890
0 0.215936 0.350376 0.030298 0.117183 0.445251
0 0.491224 0.942793 0.052388 0.112995 0.435731
0 0.410858 0.984998 0.031550 0.029129 0.420943
0 0.285045 0.353693 0.025762 0.105967 0.417917
0 0.655372 0.887506 0.056481 0.223660 0.407326
0 0.637793 0.944700 0.047038 0.109168 0.370439
2 0.293617 0.147792 0.069263 0.040024 0.345953
0 0.525255 0.944184 0.038960 0.110871 0.317763
