0 0.821548 0.553635 0.274580 0.863063 0.901756
0 0.602006 0.586107 0.183479 0.788612 0.862557
0 0.433592 0.560609 0.279500 0.855810 0.689474
0 0.702222 0.304585 0.117708 0.199199 0.673806
0 0.165187 0.544781 0.313262 0.883735 0.673120
0 0.355380 0.266256 0.065567 0.176104 0.616486
0 0.305865 0.403163 0.154468 0.416258 0.476744
0 0.950123 0.607402 0.082112 0.750191 0.420465
0 0.305691 0.320775 0.154717 0.252542 0.415772
0 0.719110 0.274784 0.082422 0.139140 0.312355
0 0.948791 0.320227 0.076101 0.179114 0.270975
