0 0.358260 0.612473 0.112730 0.351173 0.863109
0 0.904126 0.641720 0.109491 0.559273 0.743614
3 0.432298 0.667266 0.055520 0.149925 0.734076
3 0.687729 0.698053 0.100242 0.291064 0.730219
3 0.053995 0.695396 0.107249 0.197805 0.596078
3 0.352081 0.761142 0.089951 0.248542 0.594669
0 0.569909 0.588716 0.029221 0.158524 0.590798
0 0.635254 0.633100 0.047342 0.312517 0.572935
0 0.011626 0.558892 0.023007 0.098767 0.567603
3 0.801533 0.693795 0.116993 0.226870 0.532787
2 0.479152 0.558726 0.058391 0.097033 0.519689
3 0.872915 0.726541 0.252876 0.318280 0.377669
0 0.431065 0.589177 0.066096 0.171557 0.376925
1 0.598975 0.614313 0.044136 0.111763 0.376790
0 0.124545 0.617590 0.042719 0.176674 0.364045
0 0.954971 0.485712 0.062014 0.174787 0.302816
0 0.953965 0.459668 0.052222 0.118194 0.298832
1 0.544015 0.603108 0.036360 0.067402 0.287507
1 0.205282 0.588168 0.070949 0.076382 0.278434
