0 0.785120 0.442083 0.175283 0.883626 0.904128
0 0.218146 0.498910 0.297144 0.997820 0.896711
0 0.408029 0.471271 0.165634 0.868818 0.872280
0 0.951307 0.634611 0.095995 0.729798 0.788395
0 0.889332 0.676797 0.128800 0.644608 0.707659
0 0.551805 0.386433 0.095895 0.771716 0.682374
0 0.303869 0.383755 0.144122 0.761279 0.675222
0 0.513839 0.458836 0.091759 0.700286 0.655252
0 0.047938 0.428296 0.095145 0.846174 0.417744
24 0.040459 0.271518 0.080614 0.340040 0.371883
0 0.528875 0.408369 0.096338 0.794438 0.357592
