0 0.906255 0.892310 0.070721 0.214544 0.852931
0 0.977239 0.885848 0.044483 0.227332 0.802041
0 0.836391 0.886174 0.057185 0.226409 0.758296
0 0.580249 0.903572 0.066144 0.192175 0.658439
0 0.481873 0.953541 0.085980 0.091833 0.606841
0 0.544136 0.915420 0.082248 0.167656 0.502290
0 0.388337 0.978657 0.036480 0.041653 0.397362
0 0.118693 0.328981 0.027194 0.111963 0.397273
0 0.236177 0.332848 0.033586 0.118736 0.383635
0 0.343044 0.977985 0.034988 0.043182 0.361466
0 0.152098 0.334244 0.023131 0.106357 0.309179
