0 0.924549 0.837969 0.060138 0.322851 0.651027
0 0.164308 0.410454 0.029324 0.115260 0.592702
0 0.531066 0.522149 0.031609 0.123321 0.592361
0 0.039237 0.477321 0.024938 0.132169 0.514745
0 0.897912 0.816467 0.061143 0.361295 0.454239
0 0.527378 0.976828 0.028217 0.045527 0.432447
0 0.021707 0.429787 0.025758 0.102565 0.386758
0 0.206678 0.494631 0.034796 0.135004 0.317861
0 0.935585 0.568272 0.058887 0.201216 0.305749
0 0.203347 0.488938 0.027769 0.111596 0.282168
0 0.910508 0.816316 0.090272 0.364007 0.280543
0 0.276649 0.490206 0.032631 0.116498 0.268440
0 0.595261 0.418477 0.048887 0.169916 0.267792
