0 0.912280 0.903023 0.067930 0.193053 0.830070
0 0.816905 0.900275 0.057117 0.198714 0.744030
0 0.971452 0.896800 0.052425 0.205765 0.697125
0 0.459678 0.966420 0.051529 0.066395 0.669726
0 0.561199 0.918381 0.069674 0.161884 0.561398
0 0.990640 0.872169 0.017953 0.243615 0.386083
0 0.103843 0.345574 0.019986 0.089056 0.350818
0 0.240236 0.349384 0.025373 0.095201 0.342172
0 0.164868 0.349690 0.026754 0.100882 0.334852
0 0.527303 0.929714 0.085124 0.139162 0.326602
0 0.218725 0.348506 0.018705 0.079760 0.291449
0 0.141259 0.344831 0.022791 0.098156 0.270976
0 0.539644 0.918429 0.112090 0.161502 0.257534
