0 0.818526 0.554814 0.275500 0.860611 0.888186
0 0.595939 0.570987 0.190466 0.757528 0.837146
0 0.193275 0.546297 0.365949 0.889559 0.781914
0 0.703717 0.302499 0.110347 0.204425 0.747685
0 0.336958 0.270652 0.103895 0.187405 0.679758
0 0.416484 0.563902 0.236281 0.854139 0.678897
16 0.505030 0.708834 0.193259 0.512627 0.563320
0 0.308281 0.328254 0.125051 0.264086 0.512293
0 0.043072 0.281742 0.060871 0.340793 0.493580
0 0.083356 0.320145 0.078746 0.174146 0.448387
0 0.411930 0.387232 0.230755 0.498623 0.405587
0 0.944493 0.330504 0.080909 0.157365 0.328615
0 0.945996 0.617196 0.085044 0.728793 0.293690
