0 0.371926 0.510971 0.274584 0.975378 0.898317
0 0.909639 0.642288 0.179907 0.609895 0.888773
0 0.546594 0.503800 0.171249 0.862014 0.872910
0 0.067732 0.499154 0.134445 0.997234 0.834163
0 0.685561 0.405641 0.150390 0.778947 0.683966
0 0.107266 0.497649 0.146945 0.995298 0.683918
0 0.655242 0.476493 0.097098 0.716926 0.673566
0 0.443857 0.383226 0.147636 0.738909 0.598147
67 0.540404 0.117614 0.021458 0.070287 0.519889
6 0.914039 0.189899 0.170511 0.376933 0.488920
0 0.766768 0.243937 0.024595 0.075125 0.359725
24 0.195128 0.310490 0.094303 0.287408 0.310109
0 0.852807 0.241144 0.048462 0.100937 0.304201
0 0.243085 0.423819 0.170790 0.847637 0.303532
24 0.432162 0.203725 0.114097 0.197257 0.250204
