56 0.149929 0.787865 0.298823 0.422749 0.934150
0 0.634428 0.533559 0.492355 0.929904 0.930180
56 0.368102 0.620940 0.167154 0.293801 0.881821
56 0.056583 0.895018 0.112105 0.208012 0.864910
56 0.906973 0.811007 0.184723 0.375337 0.854112
56 0.344043 0.869151 0.121507 0.260464 0.826432
56 0.392838 0.671975 0.089261 0.168377 0.716605
56 0.310769 0.552545 0.136321 0.224534 0.654089
56 0.117423 0.556401 0.226917 0.090739 0.613670
56 0.920875 0.577226 0.145472 0.149860 0.357617
56 0.010639 0.502050 0.021196 0.102561 0.349699
0 0.921039 0.576961 0.147276 0.148445 0.294991
56 0.116623 0.480580 0.145847 0.075652 0.273410
