0 0.827761 0.647867 0.167873 0.702129 0.902967
3 0.405292 0.763653 0.095721 0.269896 0.789156
0 0.412255 0.609763 0.102688 0.329783 0.776431
0 0.310742 0.585175 0.038177 0.169471 0.750376
2 0.524681 0.557531 0.105756 0.165906 0.664249
0 0.954376 0.481670 0.063074 0.135191 0.588971
1 0.636992 0.604696 0.099298 0.121000 0.492832
3 0.062871 0.707458 0.125532 0.197460 0.478819
0 0.028498 0.584222 0.056851 0.219360 0.403988
0 0.639839 0.568048 0.055837 0.188410 0.361307
3 0.962705 0.603737 0.073745 0.138625 0.338778
0 0.205948 0.563114 0.028809 0.094668 0.335104
24 0.401691 0.562819 0.054461 0.114322 0.317399
0 0.110949 0.641694 0.056783 0.258934 0.264465
