0 0.942326 0.910813 0.077829 0.177495 0.714010
0 0.767458 0.949077 0.067860 0.100807 0.647126
0 0.823031 0.949983 0.068004 0.099723 0.617978
0 0.962154 0.819825 0.073821 0.171222 0.562439
0 0.986265 0.932773 0.026630 0.132856 0.501680
0 0.565262 0.311423 0.023417 0.084078 0.437070
0 0.032544 0.334094 0.029740 0.104618 0.423291
0 0.183197 0.329311 0.022424 0.095429 0.359732
0 0.077055 0.337305 0.025131 0.093733 0.309725
0 0.589294 0.316761 0.021720 0.083831 0.279162
0 0.055835 0.338806 0.021366 0.091933 0.265333
