0 0.234343 0.495293 0.468686 0.985342 0.828086
0 0.425962 0.773123 0.574823 0.452601 0.757379
0 0.097713 0.488743 0.193899 0.973336 0.606852
0 0.860791 0.808159 0.273537 0.382676 0.435390
0 0.922791 0.523459 0.153367 0.938046 0.418702
0 0.890107 0.808840 0.176633 0.381687 0.379121
0 0.570266 0.622041 0.249195 0.726933 0.354904
0 0.766232 0.496293 0.262407 0.992585 0.334251
0 0.922745 0.166036 0.152962 0.330165 0.267954
0 0.784751 0.372382 0.223025 0.741823 0.257677
0 0.739867 0.382204 0.308346 0.762786 0.251985
