3 0.905690 0.788863 0.187723 0.420712 0.736016
0 0.640993 0.621222 0.033249 0.199790 0.619311
3 0.685141 0.655908 0.063416 0.160462 0.612473
0 0.476163 0.625101 0.074182 0.194634 0.612196
0 0.050715 0.667848 0.057788 0.237961 0.590275
3 0.469957 0.700546 0.061303 0.162620 0.587232
3 0.173052 0.751917 0.130243 0.232756 0.586351
3 0.613261 0.643065 0.035973 0.085301 0.448422
0 0.336464 0.566399 0.051070 0.104969 0.400010
0 0.180066 0.665218 0.097704 0.268162 0.398457
0 0.611180 0.592624 0.044030 0.131291 0.384499
3 0.518006 0.657808 0.040470 0.110212 0.302222
0 0.337452 0.601871 0.058701 0.177565 0.293134
3 0.783392 0.609018 0.089548 0.103727 0.280037
1 0.173146 0.753288 0.129707 0.230166 0.258113
3 0.865921 0.619464 0.068679 0.125168 0.256579
